10023062 0.83777965 
10027112 0 
10031808 3.57588875 
10031856 0 
10087522 0 
10097040 8.0508581 
10135362 2.79941005 
10146348 0 
10148118 70.59826075 
10149694 3.7597916 
10081748 1.3077536 
10087801 0 
10122776 6.0892277 
10017419 5.57838645 
10088162 8.72516855 
10098590 0 
10092506 27.31979005 
10118422 0 
10018778 7.70348605 
10034227 0 
10079027 3.7189243 
10093607 0.67431045 
10124436 0 
10132618 1.226019 
10034643 2.59507355 
10035772 0 
10083480 0 
10083510 10.9115691 
10127823 15.4478394 
10128033 1.81859485 
10147918 0 
10019532 33.102513 
10094937 2.1250996 
10025929 0 
10025949 0 
10066568 0 
10149845 3.7597916 
10066745 13.3227398 
10152650 3.1876494 
10153739 0 
10063188 0 
10081026 3.94369445 
10006714 10.52332975 
10006852 0 
10000135 2.9015783 
10000490 1.3077536 
10007737 3.269384 
10010483 0 
10010659 7.90782255 
10002462 2.51333895 
10002817 0 
10003419 0 
10359048 1.12385075 
10405019 0.6947441 
10420236 0 
10428124 0 
10450924 0 
10459696 0 
10463945 0 
10320187 2.1250996 
10353924 1.5120901 
10389499 2.02293135 
10389724 5.1084125 
10328498 0 
10405497 4.92450965 
10405903 45.34226935 
10354291 3.269384 
10448764 0 
10296065 0 
10328915 3.6371897 
10361364 5.2718817 
10385459 0 
10398258 3.61675605 
10417308 34.02202725 
10449827 10.1759577 
10329183 0 
10394522 6.2118296 
10394576 6.7839718 
10407209 1.3486209 
10407210 0 
10422287 0 
10451006 14.48745785 
10297156 12.15802175 
10297233 0 
10329654 13.42490805 
10361895 0 
10362043 0 
10322347 2.39073705 
10334441 11.05460465 
10334551 0.75604505 
10411370 25.43989425 
10453350 2.71767545 
10317467 0 
10351735 0.87864695 
10362577 0 
10411677 3.28981765 
10454113 10.93200275 
10322721 7.1926448 
10330312 0.96038155 
10351834 1.61425835 
10387723 7.86695525 
10395363 0 
10395638 0 
10395761 22.1092093 
10418678 2.47247165 
10337542 4.1684646 
10382946 3.7597916 
10388033 0 
10460092 11.79021605 
10318860 5.66012105 
10461577 0 
10319146 0 
10323905 0 
10415576 31.9173613 
10319709 0 
10384255 0 
10396693 7.6013178 
10462980 0 
10196797 0 
10253776 0 
10253908 46.7113239 
10264728 0 
10166521 2.452038 
10201244 1.2668863 
10254023 0 
10258928 45.1992338 
10155286 0 
10159900 29.0975176 
10189920 0 
10197260 4.2093319 
10202015 12.0149862 
10229464 7.6830524 
10272333 5.1084125 
10285722 0 
10202294 0 
10229723 0 
10229796 0 
10229903 1.634692 
10202759 1.7572939 
10223890 0 
10156064 2.2068342 
10190924 0 
10280708 1.57339105 
10156332 0 
10213383 2.5337726 
10220150 0 
10224535 19.4119675 
10262542 0 
10286702 20.3927827 
10286749 0 
10186764 9.0725406 
10220579 9.9307539 
10231806 0.91951425 
10273643 4.1684646 
10162375 7.1109102 
10281360 0 
10162765 0 
10206340 2.06379865 
10267331 1.45078915 
10206643 0 
10206790 1.36905455 
10214328 11.2793748 
10214348 0 
10226239 2.6972418 
10226388 0 
10281965 0 
10288002 58.0724333 
10288016 0 
10157443 1.5938247 
10157507 0 
10163776 0 
10284575 1.0625498 
10288183 14.97786545 
10200031 1.1851517 
10284878 1.226019 
10253102 1.1442844 
10165693 0 
10196517 0 
10227872 0 
10724113 5.78272295 
10775748 5.61925375 
10775968 0 
10788617 2.2068342 
10790075 3.5963224 
10616594 0 
10750173 2.51333895 
10617229 28.70927825 
10724634 5.721422 
10751494 6.06879405 
10684673 0 
10711484 0 
10711607 14.81439625 
10718198 1.81859485 
10726810 5.12884615 
10652807 3.86195985 
10652967 0 
10684837 0 
10711938 0 
10718512 36.67840175 
10737051 1.7572939 
10662618 0 
10667886 0 
10727953 16.1425835 
10746111 1.65512565 
10777655 3.5145878 
10655953 17.34816885 
10663042 0 
10685653 47.3243334 
10685794 1.0216825 
10685892 0 
10721900 0 
10777903 0 
10778943 3.269384 
10778969 0 
10647243 0 
10647493 0 
10713527 13.17970425 
10728467 0 
10734202 0 
10647686 13.87444835 
10619908 1.36905455 
10648716 2.6972418 
10669119 0 
